24548
51771
24678.7
32177
44461.5
22407.5
30363.5
60460.9
31738.9
51593.5
24069.7
15205
12108
10863.5
11874.5
54291.7
42385.9
40863
89663.9
16115.5
23939
55658.9
79327.5
27942
45173
54249.9
93346.9
40145.5
51907
52229.5
130896
96227
43965.9
1789.47
3425.88
341.875
4036
5126
483.5
514.469
499.875
6498.47
548.219
10086.5
18510.9
21437.5
15982.9
4354.47
3889.88
14625.5
36011
23226.7
26491.5
2579.88
59025.5
2050.22
32862
85046.7
7653.47
67158.9
12432
19532
6848.88
10742
7762.72
7482.72
61090.7
18119.7
27998.5
94724.5
71497
81957.5
45144
74965.9
60206.2
44308
19138
75610
65872.5
33150
11678.2
27567.9
18601.5
58368.9
57335.5
33769.5
16062
28518.7
32922
40302
55927.2
55009.5
36931.2
48492.9
66015
13041.5
49322.9
55700.2
56568.9
67606.9
17381
68387
83373.9
64079.5
51754.2
9134
48418.7
61088
24008
10776.5
48703.9
33505.5
55420
90250.2
40534.9
9586.22
57709.7
35516.5
19825.5
59356.9
56769.5
29082
2642.88
23898
1464.88
9837.22
14700.9
13751.5
3493.88
1722.88
14058.5
53715.9
59072.9
42431.5
45353
31440.7
49576.2
3845.72
30506
14066.9
28240
16502.2
56839.5
9503.5
12953.7
27083
4545.22
19755.5
36003.2
59709.7
34204
38476.2
21555.7
55756.7
46475.9
52931.7
6583.5
20666.9
77513.9
66179.9
49840.9
58687.5
68141.2
82544.9
32149.2
325.719
329.969
2452
3546
381.219
6683.72
4271.88
2882
7017.88
5133.22
15103.9
11935.7
13571.9
15223.7
2556
23580
11418
11916
11035.5
6837.5
16122.9
29067.2
26917.2
14139.9
7276.22
31379.5
5978.22
6354.88
34895.9
7913.97
30764
8292.47
59772.5
55693.2
39192
59905.2
42294.2
59910.7
57327.9
17434.9
24933
50410.7
72678
50655.9
245.5
546.875
5978.47
481.5
473.875
602.469
665.219
494
13272.7
492.719
10101.7
30092.9
3373.88
4956
2279.22
2736
32848.9
2707.47
2427.88
20699.9
56512.9
48738
35153.9
9005.88
40572.7
38619.7
20103.5
1265.47
7076
42444.9
13397.5
24357.7
114998
55431.5
28286
75064
92148.2
61683.5
49040
34719
69252.9
60023.9
29789.5
45492
51284.5
5868.88
7938.88
32742.2
15225.9
13020.9
18944
15766.9
14476
38782
65989.7
54938
27019.2
41504.5
5455.5
31871.9
38581.5
20582
56011.2
16962.7
13900
23220
12576
24733.9
58463.5
20023.5
62194.7
39071.7
15226.5
6370.47
14324.9
66771
100822
65828.9
51955.7
59096.9
16746
55597.9
10882
22914.9
37690.5
43314
67218.5
43359.7
15981.5
19124
18669.5
17982.9
22174
25892
3368
9424.72
20578.9
3073.72
36513.5
10574.7
15438.9
32643
7940.47
37826
13916
9839.5
27297.9
32067.9
18531.9
58074.9
12624.9
49879.7
9553.5
12206.2
42414.9
9613.5
47348
2968.88
8104.88
42995
17285.9
36299.5
81465.9
20568
9489.72
18599.5
29953.5
9640.72
67150.5
65736
66044.7
50312.7
5753.5
4382.88
3243.97
3978.88
2949.88
7420
3357.5
5222.22
6439.72
5908.88
16553.7
4734
6643.47
21277.9
24286
8242.47
21114.9
24727.7
26855.5
2492
2680.97
48769.5
25792
1893.88
4754
39310.7
23982.9
10450.2
22617.5
7905.97
18177.5
1659.47
46763.5
18851.7
41001.5
85504.2
88731.5
34730.5
35759.5
14737.9
64807.9
31139.5
36635.9
46772.5
3482.72
318.969
344.875
519.219
647.875
3305.5
492.969
511.875
406
5221.88
89578.9
15414
4211.72
3843.88
2760
20204.7
36120.9
2751.5
10837.7
15260
22394.9
62882
31112.2
2057.47
9075.5
34136
5634.88
4745.5
46254.7
49928.2
47295.5
38809.9
45594
62053.5
19729
7609.97
62276.9
62093.5
19281.2
57710.9
27727
12933.7
30404.2
44851.7
49622.9
3939.72
32820.2
16425.5
4143.97
15320.2
19337.2
3233.5
12815.5
2849.72
22391
56471.5
30068.9
35378
27472.9
51383.5
37413.7
14001.7
11094
28814
18996
5927.5
55434.5
56262.2
20699.5
69011.5
34670.2
26746
13081.5
25307.9
32414.9
35511.5
35537.7
91523.5
88896.9
15662.9
61661.5
71002
25439.9
51871.5
93199.7
3563.22
8242.88
1501.22
2741.5
20205.9
9486.88
4125.47
2920.47
7500.47
3303.5
278277
86299.9
160502
313550
301880
140315
264524
264610
40319.4
31451.4
680381
413317
239150
417433
135945
222992
414716
443241
540324
431986
372548
278592
560093
880825
115090
600523
796375
560674
845424
676453
276155
711401
387150
22337.7
8365.89
7818.98
130172
158345
61203.1
94713.5
34829.7
14248.4
9852.77
292133
353321
83327.7
274082
50426.7
100293
144031
134595
35591.7
51242.6
69291.1
416407
358099
155069
92354.8
163347
433419
344761
119995
420648
493000
732134
271295
789985
785470
573821
655561
562857
386291
684392
266690
183987
671606
392525
297896
142054
250097
414438
258229
277385
35899.4
437667
277416
157632
327701
516728
272859
370439
338314
584144
310474
456769
265975
80987.7
366456
345163
563027
443965
670982
554326
473048
396813
442479
455951
120096
423193
333090
572933
488305
235547
276189
632060
659906
311357
543977
464079
425519
213259
69661.4
148359
17428.3
142843
33941
167088
65520.3
46593
70810.4
210925
283656
222736
139727
375430
293341
438140
193513
101269
416402
402958
365801
384181
273573
603783
394634
187234
376459
114573
317702
406128
209139
120597
719395
589732
264938
561290
274703
500385
359421
401125
460663
185366
422743
420455
42617.5
6992.85
169860
25271.9
40985.4
23567.7
81051.7
26975
78125.7
62335.5
399737
108563
44299.2
45436.8
225251
292827
202937
94297
110306
77545.7
118544
409486
383613
309141
40625.5
93161.7
102474
442394
471940
349159
222776
248892
271347
1.12926e+06
117635
127125
374370
82001.1
178698
190893
493468
485709
558117
140956
95930.9
9522.34
30404.8
20102.3
88939.9
8798.39
28736.3
12475.7
9135.87
23190.9
489738
243234
23079
90820.4
65789.7
280727
352445
254720
252105
264628
18043.2
464587
145756
201971
171193
148093
116648
122778
232681
261525
195700
408848
197944
175079
645007
254649
621616
535758
67162.2
342692
502571
328040
236233
543389
420970
70103.5
421561
104199
232100
117445
334324
220076
325467
186161
468037
120197
439875
184653
154839
104637
246998
384417
302347
191329
363273
534408
139823
467267
364459
139647
65289.9
228765
359113
210786
249860
378501
342215
395780
150767
159475
142533
419221
243888
223878
310641
591394
326179
683063
82553.4
120614
120987
48408.4
113844
21716.3
194018
139248
62819.2
133269
226743
249132
384728
51613.4
292439
301215
69821.1
269599
296683
148893
218322
437517
83053.4
258051
161719
487015
69684.6
191245
54758.5
237875
100193
313532
561401
357031
570220
456660
96403.4
392896
687433
400327
160142
565413
378875
354554
42802.2
47316.8
101152
41139.5
69217.1
15392.9
61773
13282.2
10365.4
15535.9
405754
57706.7
32682.8
117206
19905
209419
62037.2
38550.3
10193.4
15708.8
242957
297939
47197.4
24914.2
100610
98589.2
424017
273397
205119
71806.4
160623
35840.3
455000
412420
389102
467738
509237
603316
36177.9
255110
308981
362049
202503
558005
10685.4
8174.98
24930.7
2000.71
9521.69
15080.7
24112.9
9720.84
21528.9
13189
284549
32488.7
220117
297503
21830.6
259660
196169
50222.8
23507.7
96367.9
95644.3
505287
374560
340582
359126
103412
195637
196429
287525
80320.9
255118
145843
596044
80293.4
649064
337266
535987
425823
312236
387816
138704
192202
93185.4
469259
638674
178407
89708.8
157527
119577
67216.6
90921.4
69130.7
101453
68657.1
143340
238130
198438
122777
289715
316418
438817
432984
127044
169987
348021
149815
333738
248667
440549
637766
164412
383481
566673
161529
173551
472192
630670
553698
230525
226523
502968
706231
612485
374003
564297
26954.2
138702
26220.3
29732.5
88627.9
102094
208214
17329.7
47927.1
27593.1
935101
1.13324e+06
1.14685e+06
313381
1.67823e+06
1.58763e+06
244614
1.0344e+06
296165
1.17613e+06
551436
204428
468930
270792
1.3099e+06
1.31243e+06
467827
614227
1.10614e+06
582173
1.4419e+06
663841
1.64691e+06
2.12732e+06
2.18998e+06
2.60945e+06
1.8968e+06
526139
2.17944e+06
2.60459e+06
2.24575e+06
2.04864e+06
753683
141195
202892
94810.7
42085.2
343313
80115.2
74952.2
56963.7
407895
182323
1.12611e+06
492419
265525
395311
531523
187021
560638
531583
966451
728219
139495
1.10143e+06
461440
513123
1.17464e+06
1.32116e+06
406492
835730
352284
477207
400249
1.45598e+06
321543
1.59259e+06
2.34356e+06
2.02296e+06
1.67994e+06
1.01277e+06
1.92348e+06
3.1328e+06
1.57376e+06
1.17321e+06
1.18736e+06
959648
506966
1.17366e+06
735866
1.12783e+06
1.04343e+06
192402
744114
836347
1.06575e+06
1.22062e+06
809794
908499
649178
1.11554e+06
1.78945e+06
1.44829e+06
1.41159e+06
1.22645e+06
1.00853e+06
702922
1.63184e+06
341110
1.13036e+06
1.37695e+06
1.00867e+06
1.72354e+06
1.52195e+06
1.01294e+06
829940
1.28823e+06
452331
1.05125e+06
1.15675e+06
349615
2.23612e+06
1.30873e+06
680509
948297
1.45674e+06
1.4628e+06
907847
1.12319e+06
882399
1.55143e+06
139026
287136
496459
143160
420976
685692
882738
426232
115502
137256
1.78397e+06
840223
828729
1.1349e+06
720153
1.0764e+06
222899
1.34469e+06
435265
235386
451093
1.31427e+06
1.53709e+06
331297
1.78997e+06
536267
1.25312e+06
1.77461e+06
788455
543923
806376
1.11784e+06
1.52787e+06
2.22654e+06
2.27156e+06
609427
1.6174e+06
1.57042e+06
1.56538e+06
657890
2.0698e+06
867071
1.6932e+06
1.16175e+06
313891
487699
45907.3
49785.7
322988
346554
461287
77203.4
371446
128303
1.65724e+06
408501
1.30794e+06
469064
280555
325090
274288
944452
461626
1.39344e+06
216466
1.40251e+06
1.20507e+06
385886
789737
974510
1.37731e+06
244254
957149
1.29037e+06
623955
1.81734e+06
2.04607e+06
1.44888e+06
2.08536e+06
1.6232e+06
1.84251e+06
1.96174e+06
2.22494e+06
973385
1.39279e+06
960313
666027
1.88648e+06
40975.2
22027.9
65047.7
291123
22891.2
152132
417272
14214.7
26090.6
111994
540670
321498
540664
773084
276159
345117
273583
1.07962e+06
1.00039e+06
526924
281813
1.21984e+06
696046
798284
525624
501404
1.29066e+06
525858
952130
1.0473e+06
321505
1.42908e+06
1.20972e+06
728747
2.09694e+06
2.10066e+06
1.61797e+06
692178
1.51444e+06
1.49532e+06
1.89557e+06
1.45867e+06
2.18089e+06
1.58349e+06
1.42306e+06
1.0057e+06
850865
953716
292242
375844
867976
1.15875e+06
157065
560517
1.32265e+06
259085
1.25248e+06
920692
1.31138e+06
1.57312e+06
968290
1.34572e+06
1.11453e+06
409338
942976
1.80255e+06
1.22293e+06
1.69277e+06
718568
607446
858651
1.52669e+06
1.00499e+06
1.39806e+06
1.42592e+06
1.13936e+06
2.48453e+06
1.55206e+06
788826
555406
1.11896e+06
1.26658e+06
1.39444e+06
994112
619683
381470
698743
1.48274e+06
608399
521412
464316
327122
458146
470415
731422
232937
440451
277625
767975
899485
1.09165e+06
428893
211462
1.09856e+06
1.10929e+06
461010
480694
415926
372004
1.15375e+06
1.02608e+06
1.25852e+06
556398
713654
1.53916e+06
936827
1.04833e+06
789431
603094
582634
1.74381e+06
541525
1.08657e+06
1.33294e+06
1.16526e+06
984724
1.65025e+06
1.83726e+06
1.91775e+06
403578
341700
1.48385e+06
70185.5
73686.1
24352.6
137727
216391
53391.7
98765.9
120816
359837
97198.5
836890
340935
151707
111752
703923
842794
559549
104330
797740
390246
140967
906307
1.21175e+06
826735
937841
986413
1.06302e+06
927945
80133.2
532336
1.0076e+06
1.28456e+06
1.72282e+06
1.68432e+06
1.22161e+06
1.63486e+06
1.18025e+06
1.45141e+06
464894
1.67179e+06
1.24356e+06
1.28379e+06
307511
1.08351e+06
233310
107215
27967.7
24246.7
18637.5
269570
38723.7
93207.7
39400.9
27065.7
1.08851e+06
949124
645517
268091
221442
229280
766933
835804
167984
583375
312592
2.2002e+06
341956
989558
963446
976731
286629
501147
1.08061e+06
466673
691717
406500
2.59413e+06
1.8911e+06
2.46257e+06
1.23168e+06
637112
646727
1.89489e+06
1.49449e+06
655032
1.51224e+06
1.17446e+06
1.79366e+06
1.82855e+06
325005
431988
718088
518695
941924
205520
652204
441510
271387
89360.5
1.85452e+06
1.08601e+06
1.3611e+06
334279
1.09869e+06
243774
695579
1.06939e+06
627022
1.56674e+06
1.3216e+06
789282
1.64922e+06
1.09674e+06
1.32522e+06
989861
1.06083e+06
470601
1.78322e+06
1.17932e+06
1.31224e+06
2.28547e+06
629109
1.69598e+06
1.30627e+06
2.78535e+06
2.22201e+06
609216
2.75798e+06
1.07329e+06
244678
288837
517452
308008
412964
271834
148359
383130
477465
85235.6
1.31338e+06
1.01041e+06
2.9141e+06
2.42245e+06
1.12255e+06
484765
2.95079e+06
3.34253e+06
2.24976e+06
2.44549e+06
1.49469e+06
204644
217090
410761
295114
445605
170903
172508
405826
610545
166656
1.40911e+06
1.2558e+06
240138
1.16111e+06
171155
1.10295e+06
116596
363752
1.18962e+06
577092
289014
572900
2.08151e+06
1.10689e+06
2.27876e+06
580907
292509
510149
336122
390268
558169
1.09127e+06
1.56675e+06
1.89823e+06
2.53861e+06
779842
2.29171e+06
279639
227254
899131
2.75008e+06
434503
1.61643e+06
1.5687e+06
1.42547e+06
2.59056e+06
1.17236e+06
479544
1.87767e+06
3.57713e+06
2.76388e+06
2.08067e+06
2.66998e+06
2.96767e+06
1.32852e+06
392855
349106
70194.7
34763.9
43050.6
27986.5
38385.6
516658
340612
70340.4
610963
324724
149710
1.04028e+06
156062
683567
259306
960347
421176
142869
358068
1.78993e+06
390745
1.35862e+06
1.54446e+06
1.15572e+06
158562
421910
969835
126857
299054
2.06343e+06
2.03234e+06
2.14365e+06
1.96249e+06
868856
1.90171e+06
1.4769e+06
781253
921675
189865
2.27901e+06
344563
1.46013e+06
721082
1.02539e+06
2.24414e+06
1.46411e+06
1.10973e+06
2.95523e+06
2.30916e+06
2.14583e+06
748944
2.12276e+06
2.57594e+06
717684
1.95025e+06
1.97604e+06
1.43577e+06
647513
1.16616e+06
1.36183e+06
1.28085e+06
1.64633e+06
2.06236e+06
802038
1.95767e+06
2.55938e+06
1.48218e+06
544756
2.94637e+06
818778
1.4028e+06
320683
2.54801e+06
612326
1.454e+06
848458
3.15101e+06
2.86422e+06
2.7322e+06
529190
1.50533e+06
2.11757e+06
1.73738e+06
1.27223e+06
1.49698e+06
1.57102e+06
3.0948e+06
2.93559e+06
2.4963e+06
4.29917e+06
1.69534e+06
2.67215e+06
1.37953e+06
3.27472e+06
1.10422e+06
2.38837e+06
815028
565484
1.96837e+06
1.58783e+06
1.22212e+06
2.88427e+06
3.25319e+06
613484
1.70795e+06
1.12372e+06
1.59254e+06
2.83799e+06
858269
967354
637396
145865
676035
553955
417173
200530
192318
861825
2.76422e+06
1.60822e+06
1.49312e+06
413525
435114
1.49155e+06
1.04703e+06
841206
1.1495e+06
688312
1.17045e+06
1.96984e+06
887988
365668
1.06866e+06
1.62434e+06
389811
1.52746e+06
595961
767195
355016
1.40357e+06
1.14711e+06
1.79772e+06
1.41526e+06
991182
863465
1.99505e+06
1.71005e+06
2.22023e+06
997593
2.01253e+06
1.70494e+06
803669
2.31411e+06
1.93739e+06
1.46915e+06
2.74546e+06
2.64915e+06
1.26576e+06
2.29836e+06
2.80387e+06
4.12648e+06
2.42358e+06
801538
310238
150917
153366
102338
54380.5
139711
151549
626561
587212
168392
1.34247e+06
1.04801e+06
295571
137991
527680
195767
336938
1.10536e+06
1.36439e+06
724376
202805
2.8537e+06
1.42305e+06
1.26299e+06
1.08251e+06
995813
1.37245e+06
987231
878113
904422
1.4819e+06
420628
2.63456e+06
792110
296673
787130
1.07177e+06
2.28365e+06
256914
2.38906e+06
500211
2.68069e+06
489714
3.36895e+06
1.10119e+06
752342
838605
2.54258e+06
354403
1.91632e+06
801951
2.2895e+06
1.70796e+06
536613
2.64984e+06
87550.4
405887
46672.4
36228.9
60646
25892.1
25870.1
375714
217192
88857.7
2.54152e+06
203744
313865
559578
382807
828252
255780
634595
124141
178036
298218
1.98157e+06
178226
1.73675e+06
1.12174e+06
394838
1.22814e+06
315590
1.7501e+06
1.95565e+06
276160
229386
2.01504e+06
554046
1.73017e+06
250992
78943.3
193977
1.23559e+06
1.95446e+06
2.04742e+06
1.32908e+06
694384
2.49869e+06
739030
396346
657382
2.15462e+06
405884
2.02867e+06
1.65147e+06
668799
1.93008e+06
911723
3.13258e+06
879536
1.90508e+06
1.455e+06
2.23498e+06
1.35595e+06
899030
1.2214e+06
666701
1.27121e+06
1.01018e+06
2.72904e+06
1.22405e+06
1.63942e+06
828082
1.8691e+06
2.10095e+06
1.63139e+06
920180
1.72568e+06
2.34872e+06
599268
3.57132e+06
1.01344e+06
2.29594e+06
698096
1.93365e+06
2.28783e+06
1.05992e+06
1.33699e+06
2.75974e+06
1.64709e+06
2.14667e+06
2.16796e+06
1.70434e+06
2.99087e+06
2.89711e+06
2.87951e+06
3.24694e+06
1.53884e+06
2.39128e+06
2.2479e+06
1.09984e+06
2.42534e+06
3.43751e+06
931359
2.11797e+06
1.86067e+06
546286
2.31077e+06
2.84154e+06
2.38785e+06
2.3167e+06
2.01352e+06
1.78975e+06
2.8306e+06
174960
362278
380823
323862
175039
942432
100097
741085
423114
843733
2.61543e+06
368736
214355
877402
661117
1.01573e+06
276912
850750
1.30619e+06
345124
828865
2.73082e+06
181584
1.20001e+06
1.60639e+06
1.32851e+06
1.4671e+06
1.97484e+06
1.02742e+06
697196
639539
604424
3.49073e+06
1.24422e+06
1.85282e+06
1.76848e+06
1.86172e+06
1.81176e+06
231243
928920
372614
759977
1.45578e+06
1.01994e+06
719526
1.46734e+06
2.12154e+06
1.81842e+06
1.99217e+06
1.48963e+06
2.40677e+06
1.45937e+06
795138
2.41478e+06
1.47372e+06
40971.9
90804.4
31586
319247
68947.7
106906
378233
79172
267873
117789
3.04087e+06
749197
19659.3
85244
442134
627295
312005
392968
359464
617054
193689
3.90166e+06
685430
1.28801e+06
1.33511e+06
299500
372460
1.08898e+06
60483.7
1.21239e+06
909189
52833.1
2.38568e+06
1.30869e+06
1.32544e+06
1.36998e+06
1.6583e+06
1.31072e+06
329712
809867
1.47856e+06
1.43773e+06
574450
1.05256e+06
1.61061e+06
1.51872e+06
1.31226e+06
590801
2.08648e+06
566454
1.3113e+06
1.72802e+06
1.78759e+06
1.71106e+06
3.78819e+06
109412
47207.4
24249.3
151252
43701
126257
28562.9
67153.5
44699
67778
1.69912e+06
742652
195306
673469
169283
273634
628529
53201.2
99772.8
109299
174376
1.41422e+06
250144
453014
143716
514526
738150
1.23025e+06
875997
134296
313281
1.17561e+06
4.51888e+06
365158
547808
1.35978e+06
1.26037e+06
226776
1.40908e+06
745251
601059
340886
272521
1.93512e+06
1.54161e+06
864026
590412
1.12655e+06
1.41027e+06
1.36216e+06
2.30444e+06
1.24766e+06
2.38162e+06
1.86151e+06
956122
770033
105327
998113
642235
1.00797e+06
832803
199824
909366
74641.4
540991
688830
1.0675e+06
1.99327e+06
331767
426748
538476
1.12099e+06
1.05991e+06
630764
1.75245e+06
1.56122e+06
846005
1.16081e+06
647910
788741
1.94014e+06
1.42455e+06
1.92734e+06
614372
2.53734e+06
1.87847e+06
1.75409e+06
929980
2.07522e+06
642624
854537
2.95888e+06
3.1396e+06
759283
