35774
51969
24634.7
34153
44463.5
40071.5
30527.5
60482.9
39914.9
51581.5
48575.7
42933
30502
43957.5
35554.5
63195.7
42385.9
52757
89417.9
36399.5
24111
71002.9
86809.5
78990
82505
65271.9
109517
81523.5
51767
116478
130910
95201
55389.9
2141.47
7871.88
3523.88
6982
7424
3301.5
5584.47
4727.88
6498.47
4396.22
40134.5
27378.9
21453.5
30462.9
22018.5
9589.88
17093.5
36013
23076.7
31969.5
10297.9
65735.5
25974.2
37376
83060.7
18051.5
68484.9
46550
33736
28878.9
29440
29550.7
23438.7
61094.7
39825.7
83534.5
102362
71513
96807.5
56004
74107.9
59144.2
48096
22430
82986
75388.5
59428
40178.2
34443.9
45135.5
58136.9
72489.5
34979.5
30158
32438.7
53002
53920
62683.2
61633.5
69155.2
66296.9
64503
39407.5
67384.9
55960.2
63964.9
81206.9
54143
90649
83761.9
70631.5
56838.2
32546
58994.7
74254
59382
35958.5
56935.9
75063.5
55406
129010
84822.9
36748.2
78093.7
57414.5
53095.5
90156.9
61359.5
28716
10652.9
23640
6474.88
12877.2
14100.9
24805.5
11861.9
7010.88
14196.5
63031.9
67042.9
46413.5
45543
50856.7
50220.2
27721.7
40034
40962.9
30482
33758.2
95107.5
37047.5
37605.7
43539
29283.2
37869.5
36655.2
64875.7
34726
43614.2
59291.7
90154.7
53041.9
53549.7
29531.5
86638.9
77323.9
64845.9
74310.9
63009.5
75341.2
87282.9
80473.2
4171.72
2163.97
3490
8186
2645.22
6695.72
9509.88
7396
8719.88
8811.22
54263.9
27215.7
13489.9
34307.7
14480
45124
22940
22908
25651.5
23291.5
15730.9
57177.2
48249.2
25555.9
41296.2
31207.5
18828.2
40952.9
34893.9
41664
30796
30158.5
62170.5
62533.2
39004
64049.2
41922.2
65838.7
62275.9
47394.9
67965
65492.7
78582
59857.9
1331.5
5418.88
9824.47
3771.5
3145.88
6010.47
6331.22
4134
13272.7
5618.72
72079.7
30492.9
11915.9
20934
20411.2
17730
33044.9
20823.5
37077.9
20701.9
56288.9
73954
35153.9
24243.9
40014.7
65687.7
22775.5
15615.5
20660
50808.9
26681.5
24357.7
115952
74965.5
69734
74356
92160.2
61211.5
67344
35033
69252.9
59593.9
59559.5
54560
56500.5
54120.9
42394.9
62600.2
37447.9
41622.9
28316
32196.9
40700
51706
79465.7
60362
49193.2
47098.5
30245.5
54957.9
56009.5
48082
57035.2
34542.7
36726
44430
45062
74777.9
63699.5
40139.5
67532.7
43235.7
49396.5
29640.5
52918.9
75031
108426
73728.9
65461.7
71458.9
49180
57459.9
43374
53966.9
66488.5
42990
74924.5
57509.7
15985.5
21318
18157.5
19058.9
31946
25714
19440
9402.72
19972.9
6939.72
54687.5
39070.7
44316.9
40129
22374.5
56786
34056
25977.5
26327.9
40215.9
33813.9
56526.9
25084.9
48453.7
27651.5
49730.2
61714.9
37389.5
47378
16620.9
56874.9
43017
48931.9
80855.5
80463.9
57224
45277.7
56435.5
50621.5
38988.7
74234.5
63016
72366.7
59540.7
5785.5
10102.9
8919.97
6188.88
2967.88
11576
4395.5
12514.2
14233.7
8552.88
45197.7
16680
23295.5
27707.9
24262
17286.5
38522.9
24559.7
26855.5
13480
25343
72499.5
25970
17891.9
23606
39530.7
23982.9
27876.2
22837.5
33722
21545.5
21501.5
76779.5
56825.7
45701.5
91070.2
85825.5
54886.5
91387.5
35733.9
67355.9
42321.5
35597.9
62516.5
3482.72
3196.97
540.875
3457.22
7045.88
3313.5
1546.97
2433.88
1240
5225.88
87454.9
15418
10051.7
26001.9
18770
22786.7
36120.9
20805.5
10865.7
34508
22250.9
66742
32072.2
16505.5
37945.5
44388
28718.9
21835.5
45842.7
49926.2
48123.5
38851.9
105762
60749.5
25753
28854
60586.9
62105.5
59503.2
57718.9
48311
43933.7
71836.2
75717.7
74182.9
19317.7
37300.2
27837.5
12590
47238.2
23677.2
21921.5
18859.5
16155.7
22391
56993.5
29584.9
39964
40772.9
49987.5
62533.7
39165.7
33332
51384
33286
24911.5
61000.5
56516.2
37449.5
68571.5
78716.2
45890
28843.5
62285.9
37916.9
40325.5
56131.7
95143.5
95942.9
48602.9
73207.5
104170
72807.9
51935.5
99753.7
11913.2
8238.88
1501.22
8051.5
19471.9
9486.88
7483.47
10460.5
15364.5
7557.5
295185
187130
386736
314560
326956
399917
326434
320950
177497
263291
689495
413329
473186
418429
330431
322022
440646
442767
539298
493074
461734
463594
562181
881947
421496
599987
795869
556088
844354
790691
563047
749481
451494
80421.7
66559.9
59387
152432
158353
116395
94161.5
102604
62950.4
97012.8
353525
357921
296144
270152
202245
314837
293503
270979
197454
144967
268395
418979
359465
360741
296713
467797
543881
375169
308209
418298
491948
771106
391637
788855
811424
753567
654565
563895
697401
777066
265902
601993
675792
391709
520574
250944
363131
490372
304317
311559
242165
436669
309836
301102
446809
640664
455085
477647
421406
714810
359246
545943
379933
366974
542494
441011
591361
587003
671412
625170
564774
499757
544133
520483
471626
501591
422944
688771
789129
359875
628089
663110
721188
527945
633093
553057
760287
606315
84859.4
146953
95096.3
208659
87575
202930
155688
162569
131232
264871
545872
312780
245135
376710
313165
468586
216415
316273
480226
400578
602413
488631
388989
685895
501676
391450
438147
411287
317250
410498
376369
318181
799873
584804
326436
642758
412455
697991
392751
448467
623357
506502
421317
527453
129615
29194.9
169852
123908
86387.4
53547.7
101576
77663
77627.7
62109.5
669361
224657
199087
169669
268183
293265
243369
202237
224336
226894
366964
563200
496473
303981
150236
225108
276656
441904
470344
365943
272276
295558
592321
1.16797e+06
411095
444201
374402
366445
508798
454371
610490
488711
554385
534376
95332.9
48000.3
30612.8
59590.3
88019.9
62474.4
81052.3
34875.7
59441.9
36052.9
623966
242344
127635
216288
264198
280745
356519
271390
253523
306592
178755
528881
333468
297287
319797
339805
257200
428460
515465
260287
302610
448298
601204
412629
679821
325727
621624
596254
395156
392042
501059
370128
611317
617655
446698
287568
450211
278547
384486
328553
429164
464434
328613
337021
603787
431121
442735
410835
312697
345181
362022
494459
307363
336677
395501
611800
408635
513803
646897
357185
343960
388105
364653
412286
588016
436343
595069
484374
377305
344423
437197
466625
395192
601514
582595
633436
524761
849371
185023
119950
119479
158168
113638
86080.3
215494
153510
157841
177119
529599
387656
415608
363321
319991
301231
173317
292549
383853
355385
218318
467407
264885
301925
347191
487027
287753
327127
160174
487963
258051
411642
726031
366969
573116
560840
422121
425280
690263
453165
402752
570295
437853
541900
120680
117595
101458
78745.5
68395.1
73088.9
81165
57074.2
38771.4
86159.9
868572
130219
218277
248432
149531
209061
220213
174208
89827.4
163683
241301
604343
170797
191580
229194
314403
423501
296035
246311
185962
396999
178810
910054
418444
390978
499248
508725
642972
279154
385894
405251
387345
498251
660469
49027.4
55469
46806.7
24844.7
41597.7
52340.7
72510.9
33354.8
82668.9
67535
683781
165945
217753
306015
155651
257100
195367
95530.8
132770
230688
219660
631241
371858
367638
358174
300968
268667
198501
293061
306113
253006
229893
789468
346615
648044
338112
688573
424917
329392
438382
507304
368460
368749
631403
667950
198449
111145
157553
175653
153439
163055
158589
120685
167031
140280
284880
379822
395677
404765
359284
636701
495078
334860
351135
399737
418481
565912
300735
519349
670936
277954
383005
574669
330167
447915
578612
715586
975272
390549
667029
571114
749195
750599
554089
683969
112816
138718
79288.3
67698.5
89263.9
104046
208254
75661.7
100709
132929
991917
1.24487e+06
1.14608e+06
914185
1.67822e+06
1.74393e+06
698396
1.13594e+06
855985
1.16938e+06
1.35254e+06
741610
1.0462e+06
918360
1.49068e+06
1.31628e+06
1.35345e+06
1.62963e+06
1.21541e+06
1.29329e+06
1.45108e+06
1.46752e+06
1.70255e+06
2.46519e+06
2.18921e+06
2.60595e+06
2.68361e+06
2.06928e+06
2.17944e+06
2.60813e+06
2.23946e+06
2.36964e+06
1.27046e+06
320643
204262
386763
265781
420153
334387
258752
312070
407923
182357
1.3221e+06
1.06129e+06
871677
817055
1.08678e+06
865301
1.11072e+06
960231
1.34316e+06
1.353e+06
780649
1.35566e+06
1.13953e+06
1.12844e+06
1.48279e+06
1.31885e+06
1.40192e+06
1.05568e+06
1.38451e+06
1.10626e+06
893017
1.46294e+06
929287
1.60167e+06
2.34189e+06
2.02295e+06
1.85031e+06
2.06755e+06
1.92274e+06
3.1328e+06
1.57013e+06
2.05965e+06
2.45276e+06
1.52527e+06
1.14561e+06
1.31539e+06
1.06544e+06
1.20518e+06
1.20938e+06
810710
1.14438e+06
1.15634e+06
1.19387e+06
1.2165e+06
1.29409e+06
1.29257e+06
1.80248e+06
1.26996e+06
1.94726e+06
2.05132e+06
1.86629e+06
1.65232e+06
1.16948e+06
1.62257e+06
1.86087e+06
1.07165e+06
1.70083e+06
1.78776e+06
1.4061e+06
1.96053e+06
1.84758e+06
1.35597e+06
1.1336e+06
1.47965e+06
1.68518e+06
1.68588e+06
1.40401e+06
1.71464e+06
2.78617e+06
2.11882e+06
1.91697e+06
1.87746e+06
2.16555e+06
2.22595e+06
2.06426e+06
2.75257e+06
1.71937e+06
1.74349e+06
392834
319846
495919
369480
420436
684598
948290
506982
480140
445672
2.12853e+06
1.31045e+06
891201
1.1305e+06
1.08079e+06
1.14422e+06
798369
1.49599e+06
956429
1.35943e+06
672617
1.35821e+06
1.53715e+06
1.06204e+06
1.79078e+06
1.17648e+06
1.25481e+06
1.76882e+06
909987
1.27017e+06
929428
1.12096e+06
1.85904e+06
2.30741e+06
2.35812e+06
1.5074e+06
1.7352e+06
2.03797e+06
1.77701e+06
2.14144e+06
2.22802e+06
1.84394e+06
1.89154e+06
1.83235e+06
311345
490413
322077
213246
323016
346606
461339
370205
414506
399143
1.90183e+06
892683
1.30714e+06
962272
726097
833464
631554
1.08017e+06
717232
1.39349e+06
703266
1.88511e+06
1.19211e+06
834774
1.688e+06
986184
1.59549e+06
939414
1.40415e+06
1.29839e+06
1.35459e+06
1.82338e+06
2.03897e+06
1.64041e+06
2.07809e+06
1.79362e+06
1.84171e+06
1.96175e+06
2.22497e+06
1.86101e+06
1.52345e+06
1.11382e+06
1.08153e+06
2.17014e+06
326481
139950
325304
291159
166055
305482
412572
127619
185877
279504
1.74783e+06
650896
875436
773076
605979
731659
556205
1.14769e+06
998205
1.17006e+06
760419
1.88069e+06
874836
1.05367e+06
1.126e+06
1.09253e+06
1.28839e+06
1.30973e+06
960070
1.45639e+06
975865
1.42748e+06
1.51435e+06
1.48577e+06
2.27383e+06
2.1047e+06
1.61572e+06
1.5912e+06
1.75443e+06
1.49236e+06
2.38182e+06
1.45513e+06
2.2669e+06
1.88275e+06
1.41912e+06
1.16149e+06
1.23024e+06
983448
924828
981324
983134
1.36226e+06
704147
1.05899e+06
1.51396e+06
1.20612e+06
1.59085e+06
1.53256e+06
1.57666e+06
1.65675e+06
1.52645e+06
1.44063e+06
1.5009e+06
1.09784e+06
1.33132e+06
2.04855e+06
1.52011e+06
1.79629e+06
1.59342e+06
1.18494e+06
1.74584e+06
1.62857e+06
1.59401e+06
1.46193e+06
1.64695e+06
1.68137e+06
2.66157e+06
1.78359e+06
1.10119e+06
1.46871e+06
1.87573e+06
1.61844e+06
1.87465e+06
1.46909e+06
1.78133e+06
1.2561e+06
2.16316e+06
1.63751e+06
602699
617392
510022
355764
501298
470971
731390
384073
584687
439069
1.5428e+06
972603
1.15627e+06
896075
695758
1.24386e+06
1.18421e+06
852768
1.00554e+06
946198
963650
1.80822e+06
1.23413e+06
1.33093e+06
973552
1.2588e+06
1.54004e+06
1.42241e+06
1.36624e+06
1.762e+06
1.47963e+06
1.21478e+06
2.49213e+06
1.27271e+06
1.22305e+06
1.61536e+06
1.4629e+06
982482
1.72116e+06
1.99873e+06
2.49696e+06
1.36289e+06
1.39986e+06
2.33178e+06
306273
241044
130413
205937
245761
188388
208816
204536
360363
312786
2.05857e+06
654839
703911
547986
877805
842108
658953
585054
799868
828890
598289
2.00134e+06
1.21177e+06
826043
930893
1.11375e+06
1.14062e+06
1.22323e+06
755643
1.17325e+06
1.01458e+06
1.28237e+06
2.20685e+06
1.68271e+06
1.55499e+06
1.63316e+06
1.31074e+06
1.44454e+06
1.40705e+06
1.67677e+06
1.24505e+06
1.43346e+06
1.02442e+06
1.95854e+06
233394
248457
145524
93406.7
142461
269598
160960
285214
124997
146514
2.06399e+06
944544
640839
542089
727396
754616
768979
910462
574394
590463
653806
2.50342e+06
808130
989574
963448
1.05188e+06
897597
1.00613e+06
1.08063e+06
1.28284e+06
814889
905748
2.95061e+06
1.88783e+06
2.46257e+06
1.60654e+06
1.44603e+06
1.36129e+06
1.89573e+06
1.50021e+06
1.45282e+06
1.51072e+06
1.36588e+06
1.8525e+06
1.97644e+06
661979
692202
720068
514931
935540
677120
651542
537378
607455
429872
1.85188e+06
1.08887e+06
1.40725e+06
916705
1.235e+06
1.22584e+06
1.35363e+06
1.07278e+06
1.28661e+06
1.56351e+06
1.66027e+06
1.39804e+06
1.87794e+06
1.15886e+06
1.51683e+06
1.51628e+06
1.15428e+06
1.2113e+06
1.78325e+06
1.67828e+06
1.87979e+06
2.46144e+06
1.1671e+06
2.36291e+06
2.48338e+06
2.86909e+06
2.80716e+06
2.06515e+06
2.92629e+06
1.98499e+06
470952
372675
518664
382418
411840
324068
429285
420364
475743
279760
3.16289e+06
2.29021e+06
2.92129e+06
2.93097e+06
2.48673e+06
2.15885e+06
3.19468e+06
3.34352e+06
2.24866e+06
4.11853e+06
2.05853e+06
380534
450970
410809
295180
448311
309795
355466
405868
612697
443564
2.04368e+06
1.25303e+06
580778
1.16115e+06
771041
1.10542e+06
660536
1.08511e+06
1.18879e+06
1.23853e+06
962216
1.67111e+06
2.08044e+06
1.32862e+06
2.27877e+06
1.27326e+06
1.22889e+06
1.80118e+06
1.14452e+06
1.34259e+06
1.67983e+06
1.61447e+06
2.45864e+06
2.13897e+06
2.67314e+06
2.41868e+06
2.29259e+06
1.56252e+06
1.11326e+06
2.06947e+06
2.74699e+06
1.29153e+06
1.72862e+06
1.67068e+06
3.24233e+06
2.59164e+06
3.53333e+06
1.89158e+06
3.29604e+06
3.72468e+06
2.7639e+06
2.0892e+06
2.66797e+06
3.27154e+06
1.7913e+06
392873
349190
307213
307028
317691
278100
309866
517452
347754
308060
1.94539e+06
1.04202e+06
1.02255e+06
1.04209e+06
805420
1.22612e+06
878394
960383
848192
813737
736088
2.33439e+06
1.79776e+06
1.35282e+06
1.53676e+06
1.64963e+06
1.30999e+06
1.38864e+06
966557
974059
1.2608e+06
2.30852e+06
2.45412e+06
2.58355e+06
1.96251e+06
2.53986e+06
1.9108e+06
1.46941e+06
1.70826e+06
1.98478e+06
1.79759e+06
2.27595e+06
1.55738e+06
2.63392e+06
2.53544e+06
2.22134e+06
2.24314e+06
3.16475e+06
2.42509e+06
2.95323e+06
2.29769e+06
2.16619e+06
1.6593e+06
4.68051e+06
3.57485e+06
1.83661e+06
2.29037e+06
2.47116e+06
1.68065e+06
2.08053e+06
2.38191e+06
1.84146e+06
1.68841e+06
2.32636e+06
2.3376e+06
2.63582e+06
2.57516e+06
2.88396e+06
3.12537e+06
2.35856e+06
3.11976e+06
2.2884e+06
2.1059e+06
1.83126e+06
2.94986e+06
2.66277e+06
2.87809e+06
3.2564e+06
3.15228e+06
3.29429e+06
3.06971e+06
2.17816e+06
2.90526e+06
3.02032e+06
2.51952e+06
2.8489e+06
2.7098e+06
3.92594e+06
3.56166e+06
3.65492e+06
2.60727e+06
4.50139e+06
2.95795e+06
2.80277e+06
2.94031e+06
3.91392e+06
2.59698e+06
2.71081e+06
2.87178e+06
2.60435e+06
3.69347e+06
3.78209e+06
3.6545e+06
3.73201e+06
3.54283e+06
3.12719e+06
3.6825e+06
2.97513e+06
3.06878e+06
2.96718e+06
858245
962564
692786
804613
729971
554037
542745
517512
550866
1.16258e+06
3.23025e+06
1.74436e+06
1.60854e+06
1.02001e+06
1.03163e+06
1.68519e+06
1.18554e+06
944662
1.15772e+06
1.2819e+06
1.26113e+06
2.345e+06
1.81467e+06
1.42325e+06
1.80943e+06
1.72361e+06
1.34204e+06
1.61362e+06
1.56623e+06
2.08361e+06
1.304e+06
1.64459e+06
2.49748e+06
1.8024e+06
2.64105e+06
2.27808e+06
2.29284e+06
2.8261e+06
2.11433e+06
2.21925e+06
2.24013e+06
2.26525e+06
1.8355e+06
2.17624e+06
2.65841e+06
2.18669e+06
2.20936e+06
2.74131e+06
3.20585e+06
1.94196e+06
2.42067e+06
2.80174e+06
4.56079e+06
3.00357e+06
3.03294e+06
310300
330805
290690
403878
140858
450167
376001
626613
587166
409880
3.35678e+06
1.05151e+06
980195
877893
1.07382e+06
726851
745382
1.21647e+06
1.46914e+06
790170
823971
3.50068e+06
1.53757e+06
1.26301e+06
1.38927e+06
994189
1.45302e+06
985653
1.26613e+06
1.18924e+06
1.47827e+06
1.03743e+06
3.70332e+06
1.71902e+06
1.64894e+06
1.62306e+06
2.28649e+06
2.27433e+06
1.61852e+06
2.39316e+06
1.87734e+06
2.67858e+06
1.04129e+06
3.79537e+06
2.39656e+06
2.00145e+06
1.66961e+06
2.53944e+06
1.57382e+06
1.94029e+06
1.98992e+06
2.28952e+06
2.41201e+06
1.93352e+06
2.7667e+06
291314
405963
234062
248845
182910
206416
244132
417674
242342
125114
3.11192e+06
850964
617275
618490
782257
820884
505170
896373
601363
464830
763604
2.43194e+06
1.19148e+06
1.73678e+06
1.22588e+06
1.0804e+06
1.22727e+06
1.41157e+06
1.83084e+06
1.9628e+06
1.0073e+06
1.24382e+06
3.43882e+06
1.07137e+06
1.73299e+06
1.27906e+06
972441
1.19196e+06
1.23989e+06
1.96061e+06
2.04956e+06
1.33185e+06
1.69448e+06
3.30024e+06
2.43994e+06
1.60091e+06
2.22413e+06
2.14153e+06
2.13567e+06
2.02766e+06
3.0944e+06
2.35895e+06
1.92508e+06
1.94411e+06
3.91724e+06
1.50271e+06
2.93933e+06
1.70874e+06
2.51177e+06
1.55936e+06
1.87348e+06
1.98725e+06
1.59631e+06
2.09483e+06
1.73653e+06
3.60011e+06
2.77816e+06
2.09801e+06
1.99888e+06
2.79478e+06
2.58267e+06
2.26421e+06
1.9608e+06
2.0757e+06
2.61331e+06
2.03673e+06
3.71049e+06
2.47829e+06
2.63675e+06
2.13896e+06
2.37392e+06
2.53475e+06
2.14202e+06
2.14195e+06
3.56158e+06
1.87354e+06
2.53768e+06
3.40823e+06
4.04148e+06
2.98339e+06
3.31271e+06
3.23061e+06
3.3787e+06
4.39096e+06
2.38625e+06
3.15107e+06
1.98972e+06
2.42924e+06
3.91127e+06
2.43059e+06
3.05164e+06
3.52655e+06
2.60803e+06
2.4087e+06
2.97198e+06
3.32709e+06
3.11703e+06
2.80883e+06
3.29734e+06
4.26136e+06
669340
662600
664297
608280
593039
942328
365585
738615
423224
841503
3.79655e+06
1.05567e+06
767641
957146
1.52343e+06
1.0112e+06
940016
1.08114e+06
1.30621e+06
1.00791e+06
1.22734e+06
3.5235e+06
1.01584e+06
1.28385e+06
1.59691e+06
1.52655e+06
1.69008e+06
2.18375e+06
2.04374e+06
1.34496e+06
1.14034e+06
1.38428e+06
4.34534e+06
1.44786e+06
1.96575e+06
1.87224e+06
2.51779e+06
1.81279e+06
1.03755e+06
1.87847e+06
1.49415e+06
1.63618e+06
2.45711e+06
3.26425e+06
1.85258e+06
2.23302e+06
2.11513e+06
2.17812e+06
2.25758e+06
1.59775e+06
2.40677e+06
1.92258e+06
2.49711e+06
2.41586e+06
4.36254e+06
253040
357332
146072
323263
222920
242090
378219
261134
267881
241655
4.32761e+06
755521
280159
427430
569512
626637
730649
855422
735476
616962
605695
5.26185e+06
685450
1.28631e+06
1.46015e+06
1.07505e+06
797260
1.57088e+06
635874
1.53445e+06
989889
641929
4.05333e+06
1.32116e+06
1.32369e+06
1.36376e+06
1.65632e+06
1.3072e+06
1.18496e+06
1.44033e+06
1.56269e+06
1.44331e+06
1.11039e+06
3.78765e+06
1.60425e+06
1.5197e+06
1.92645e+06
1.18868e+06
2.21867e+06
2.27988e+06
1.81356e+06
1.96173e+06
1.80816e+06
1.71778e+06
4.8422e+06
165142
152133
165719
150872
111685
124993
208415
140620
134277
126410
4.05751e+06
746622
612324
667553
587669
500758
699885
305243
595743
525743
490362
3.64352e+06
802048
767360
1.03745e+06
1.13171e+06
952932
1.47196e+06
876001
1.21903e+06
1.01169e+06
1.17307e+06
5.12821e+06
705080
1.64951e+06
1.34717e+06
1.26037e+06
1.03634e+06
1.51896e+06
1.69251e+06
1.17575e+06
1.37668e+06
961475
4.14604e+06
1.54159e+06
1.95044e+06
1.72282e+06
1.67211e+06
1.39479e+06
1.35861e+06
2.30444e+06
1.49921e+06
2.38698e+06
2.14713e+06
1.0412e+06
766511
523007
1.16939e+06
645735
1.00803e+06
850971
743784
907082
608799
1.094e+06
1.49535e+06
1.30476e+06
2.09608e+06
1.00442e+06
1.29018e+06
1.44993e+06
1.55477e+06
1.30826e+06
1.39011e+06
2.43522e+06
2.36717e+06
1.67561e+06
1.39285e+06
1.62655e+06
1.92474e+06
2.04663e+06
1.68497e+06
2.26952e+06
1.85598e+06
2.60547e+06
2.30055e+06
1.96609e+06
2.15496e+06
2.5995e+06
2.39551e+06
2.50959e+06
3.24426e+06
3.14596e+06
1.64989e+06
