654.469
1932.72
650
294.469
905.719
742.719
395.469
1972.47
1136.97
2246
4801.5
1304.97
813.969
564.719
775.875
1022
1114.72
1356
1788.72
633.875
1504.88
13489.9
1093.88
3144.88
2987.5
1366.88
3624.72
1621.88
1716.72
3657.5
8486
2192.97
2589.88
150.719
381.5
99.875
347.5
445.5
240
358.719
65.875
120.219
217.719
1150.97
987.875
298.719
347.219
786
481.875
611.469
1089.22
856.969
551.719
333.875
2356.72
381.969
1037.97
1282.88
520.875
1204.22
230
218.719
720.875
500.875
462
1584
1981.72
429.219
2691.97
3348.72
2319.5
1802.72
1743.97
1390
2290.72
2387.22
887.5
8034.47
802.469
2696.88
2223.97
3041.5
5339.88
3656.88
4631.22
1649.88
4232.88
1748.22
3892
3528.97
5973.97
6585.5
2746.72
5107.72
3264.22
1970.88
2319.5
1295.72
2200.88
7758
1200.97
5818.97
6534.72
1064.47
2034.97
1148.72
3628.88
2715.97
2144.97
1836.47
1632
4365.97
1278
7830.22
3099.22
686
1687.88
2033.97
5683.97
3621.22
4798.97
994
563.5
1759.22
289.875
1173.97
1067.5
393.719
566.219
793.5
1023.97
2143.88
1081.47
2031.88
445.875
1334.47
1163.5
611.469
911.875
670.719
228.469
758.219
3244
543.469
1669.5
2243.97
805.969
1399.47
651.969
6158.88
1317.72
962.469
2406.47
1738.97
1392.47
2181.88
553.875
1695.88
3103.88
2055.5
1372.72
1394.88
1495.72
1748
2554.97
79.4688
90
347.875
677.5
230.719
361.469
191.219
264.875
610.875
1328.97
1327.47
273.469
698.219
676.469
168
438
29.875
924.969
781.5
554.469
504
4494
2586.97
300
627.875
821.969
933.219
893.219
1070
638.469
1234.88
854.969
2736.97
1969.47
915.469
798.875
597.969
819.5
3887.47
1941.97
1155.97
891.969
2175.5
2948.88
86.875
164
832.719
214
260.875
194.469
208.719
191.5
309.969
75.4688
1267.22
747.875
161.875
402
173.219
83.5
367.469
171.875
203.875
650.719
1603.97
8078
658.219
177.875
321.5
1173.5
826
105.219
399.875
312.875
437.875
812
8886
1823.5
1664.47
958
1958.97
674.875
2150.88
1520.72
1697.5
1744.88
524
3249.97
4391.47
573.969
941.875
2812.97
630.469
4044.22
5248.97
2640
4692.97
2255.5
2859.47
3009.88
1794.22
823.875
2425.22
2611.97
2795.5
2332.47
1647.47
1403.5
1493.22
2874
1689.88
3690.47
1826.88
2514.22
2006
1109.88
3670.47
944.875
2934.88
2474
5817.47
3753.88
2643.72
2056.88
1332.88
5649.88
1482.72
1094.88
2926.22
1227.72
2651.88
4646
1004.88
294.875
1036.47
371.875
637.875
1416.47
297.5
1072.22
771.875
659.969
1435.72
2183.47
1127.72
985.219
1310.72
1325.5
402.219
882.969
2590.88
714.719
2188.88
1455.88
2445.5
1413.88
332
1299.47
1268.22
1271.5
1236.88
252.875
325.875
668.719
3886
2576.88
2761.47
1190.22
882.875
222.875
575.219
1076.47
2172.22
2665.88
541.219
1696.47
61.5
157.875
546.469
146
468.969
243.5
2416.22
316.875
593.875
1969.5
564
583.875
229.219
398.969
1072.47
510.719
387.219
522.875
495.875
601.875
464.875
7837.5
632
274.875
2149.97
1273.88
290.219
360.875
932.875
1409.5
811.219
208.469
1327.47
1239.47
1612
1052.47
1192
1760.47
1750
657.5
1086.88
860.875
660.875
2003.97
407.219
101.219
344.875
236.719
463.719
445.969
492.969
175.719
110
160
8237.72
192.875
290.469
375.875
79.7188
600.219
910.719
446
445.469
493.469
1193.88
7219.97
416.469
212
1193.97
584
632
287.875
1057.22
736.719
691.469
1196
9634
605.875
417.969
823.969
2311.5
1483.88
1377.5
808.875
1244
627.219
779.969
4661.72
3057.88
218
1115.97
3366
1053.47
1167.72
2583.88
686
3834.97
470.469
491.219
939.5
441.5
820
283.5
5338.97
3767.22
7013.22
1311.47
1224.88
930.875
518.719
1119.97
1758.72
702.875
1292.88
1587.97
2799.47
667.969
1360
1949.88
748.469
1351.22
4981.88
3247.72
554.875
1847.88
2276.72
3414.88
1831.5
2628.97
346.469
761.875
1501.22
341.5
416.875
727.875
288.719
167.219
435.469
423.875
4560.27
3124
12733.5
4672.71
4193.68
4057.35
10128.2
3679.35
2195.74
1871.94
45050.2
14652.4
4045.89
3177.55
3610.84
15795.2
11334
8331.1
4999.55
7014.92
10535.7
18466.2
7742
55231
10423
10755.1
27151
8896.34
11163.9
14477
8887.87
6310.39
8861.37
382.71
1204.6
789.871
9776.84
470.468
1774.27
2317.74
1134.98
568.339
1354.85
22712.6
5553.35
5569.74
4102.71
2525.94
3835.37
3418.34
1427.94
1551.37
2042.97
3786.97
31391
6165.1
7268.85
5852.27
6157.89
6338.71
3702
2475.94
4150.92
7597.1
12052.3
10707.7
13315.7
14088.2
41153
30910.2
12334.8
17382.3
22611.7
4543.87
12842.2
20596.3
15594.9
21014.3
5251.1
12061.7
20377.4
11035.5
11391.5
8538.39
6579.24
16507
6210.21
6512.92
15848.4
18416.2
13889.5
12573.5
16281.9
18535.9
27663.7
32803.4
16227.2
18849.4
15212.8
30395.7
18854.2
18385.7
21933.7
27271.9
10239.4
7578.71
13135.2
20220.4
8095.42
13442.3
23673.9
21921
17303.7
14589.2
66094.5
38705.9
19937.1
26560.5
20614.6
24757.7
29869
4346.84
5913.44
2544.21
4358.97
2784.21
14575.5
1965.1
11379.2
2276.47
4220.27
18080.6
5209.48
8574.85
19169.4
4182.27
9563.94
6104.39
3350.92
12409.4
5974.6
14401.9
9254.77
6397.1
7347.55
6253.55
9968.21
23719.2
3096.47
3194.47
4882.34
8284.77
4703.87
17791.9
6590.71
4769.05
22875.7
6936.47
34895
7462.34
22860.2
7999.44
6025.48
15157.7
23700.9
2205.44
1152.47
3519.37
1068.98
2098.92
1611.74
1031.24
2082.6
4160.77
664.855
22051.2
2540.21
2207.24
1527.1
3827.74
4220.39
4170.34
825.484
2281.37
3282.85
4517.24
16223.5
7516.77
1703.18
2013.89
2413.18
3839.89
4150.77
7193.89
3148.6
4764.71
2167.18
18156.3
22765.4
6606.84
6576.97
5829.94
4770
9965.69
8200.85
47212.3
8978.19
11397.5
24436.8
3451.05
836.919
1468.98
734.984
1520.98
579.048
1548.34
278.21
1674.34
366.71
25975.5
1961.44
1866.21
2534.92
4574.97
2237.42
5353.1
2460.92
2472.77
5562.71
2981.1
14089.9
5589.68
8848.71
4333.68
5275.55
3461.35
10735
10445
4423.42
7564.71
4511.89
13176.2
4763.69
19552.3
6779.94
8655.18
8989.55
8051.35
24913
4075.69
5861.69
13870.5
19292.2
11489.7
9538.97
22621.4
4289.69
12649.4
26012
13653.5
11323
7216.92
10950.6
12150.6
6889.94
5976.19
7621.24
4489.87
9010.97
11347.5
11570.5
8632.71
10399.5
8720.21
15015.1
16856.4
11567.2
16960.9
11548.9
9694.19
11613.4
4450.92
14267.2
18017.2
8517.18
19061.4
7678.84
7013.89
3868.84
24681.4
10560.8
8989.48
23228.8
14978
19086.9
13473
9776.27
1907.87
5425.89
4637.24
10857.9
916.274
2695.87
4697.89
3323.1
1878.84
2710.92
18943.2
11150.9
4418.97
4556.97
7742.97
2183.68
4388.77
2840.71
10485.1
3846.85
3248
12177.4
3600.21
5072.97
2312.27
6244.27
3298.27
4637.69
2373.68
11045
3637.18
2982.34
79819.9
6751.42
6988.98
7317.89
6268
5735.89
7658.19
13814.3
7616
11752.9
12737.7
17067.5
1200.71
4369.87
2197.18
1329.94
3475.37
847.435
1865.05
2331.05
1079.74
727.355
31755.4
1705.37
1379.5
3311.48
1099.5
3102.71
2514.98
1273.1
1022
1168.77
2228
20995.4
1753.1
3126.21
1877.44
3694.19
4273.48
4119.94
4799.35
1531.35
5049.1
3791.55
24442.7
11578.7
6096.34
6514.34
3401.87
18338.3
3380.39
4475.35
4653.68
6718.77
7015.69
21588.8
777.355
979.5
1189.89
528.387
566.597
1489.68
1037.42
1328.39
1742.39
952.274
30263.9
1591.42
4249.18
2659.94
1908.71
2322.98
1057.48
850.468
1128.27
1611.94
1931.18
16517.9
4340.6
2857.74
6858.19
6165.1
2203.68
1554.6
4585.35
2458.21
1789.05
6321.89
30875.1
5892.21
7203.42
5681.18
6985.94
11473.9
12468.5
11643
4529.89
2460.47
7751.48
21362.2
22815.2
6001.35
3617.74
2920.39
4537.48
1779.05
5239.35
3578.39
3068.77
4172.27
3437.24
7583.18
6197.55
6280.77
9600.84
11322.2
8303.68
14925.5
10715.4
6437.94
4647.18
8386.21
34749.4
8901.35
10307.9
10729.9
4572.97
7087.87
10569.4
18102.9
11012.4
10167.4
27725.7
23508.3
25051.4
17388.4
16011.5
19734.8
21979.2
29766.8
16453
2225.94
1351.05
1407.18
495.935
3248.6
1255.55
1370.47
780.21
675.935
1744.77
19391.2
12402.1
13567.3
7034.47
16568.7
21780.4
12889.3
15905.2
4952.65
11178.9
22067.7
7357.91
17157
14275.9
24286.7
23536.3
17816.5
30436.5
39793.7
18460.4
24094.9
114263
23701.5
50692.1
32570.1
42051.2
43533.4
46178.9
38772
34708.7
44035
66614.1
46014.7
2330.12
735.913
2824.74
1938.96
4191.22
1034.61
863.957
1444.47
6880.48
8237.22
32185.2
12568.9
10093.9
9442.47
11942.6
12913
13712.6
8731.74
16223.4
10929.2
7608.83
34737.2
8942.61
24172.7
19378.4
12853.9
36308.9
19211.9
17864.9
17851.5
12440.9
16491.7
31133
24421
68025.2
44156.6
42495.9
49166.9
32466.5
55698.7
68767.1
78826.6
34030.7
39351.4
22976.6
51122.1
22619
39627.5
37852.9
38203.8
34663
24702
61451.5
40641
30143.9
37589.2
21633.9
27091.7
81263.9
50194.1
98901.1
76690.6
36364.5
70607.4
42083
22980.7
71281.2
88016.2
39951.3
64684
52680.8
38443
26336.2
44575.9
21619.4
41989.3
36829.7
30062.4
123700
119044
74934.1
26230.7
112863
58579.8
40675.7
113804
101687
57471.4
6327.65
17345.9
2451.96
9153.91
15140.5
14584.8
20435.7
4645.65
5712.48
5239.68
52112.9
21558
11474.7
18198.9
23941.2
9608.9
15309
34266.1
8451.16
16247
5345.22
76879
44586.1
16845.7
22603.9
19115
16560.1
27934.9
8780.91
8792.12
17036.7
14599.9
51891.2
48489.9
28771.7
34891.7
55599.7
38884.2
54065.9
46045.8
31780.4
29886.6
22269.2
72458.7
1432.61
102949
2022.91
1809.22
11348.7
6159.83
9372.48
2365.74
8547.08
5876.9
94823.9
11165.4
12458.1
6096.73
7607.08
6188.21
5864.22
15916.7
8134.74
10018.5
6805.83
24570.1
15844.9
7335.86
23926.8
19267.7
19487.9
13316.6
24123.7
22074.2
17314.2
11670.9
43814.7
28125.1
59474.8
28708.6
21371.9
20510.6
19342.7
19679.1
14324.5
18656.2
4286.55
49788.4
3580.47
1469.25
1398.55
1832.96
1217.87
1177.83
6528.22
1826.74
1511.3
1902.21
58643.2
7697.91
12990.9
7726.65
2959.96
7805.91
4953.25
11455
5280.48
7919.83
7268.96
121954
13133.9
12481.5
10744.9
16164.7
26913.9
19579.9
11771.9
14271.8
10482.5
30781
55319.9
30083.5
40773.7
101218
18774.7
27830.1
17015.9
21341
28381.2
28850.5
20616.7
45126.6
47017
49748.7
27576.9
28058.9
38005.7
25428.6
10592.2
19656.5
11876.8
46406.6
80215
26488.9
19796.6
15147.2
67468.7
39993
14339
42705.1
32397.5
29163.9
23837.2
81508.9
47241
37060.3
66706.9
23827.2
30453.7
15908.7
20784.2
37848.6
52549
36259
91359.8
66295.2
30183.7
25802.1
44577.8
28472.4
59965.6
25407.8
46619.3
30795.9
45653.9
33585.7
6809.48
13976.7
16330.2
4149.68
6414.61
11083.3
8069.43
3424.55
11332.9
8183.22
44006.2
10757.7
11349.7
14443.2
3637.68
16256
17245.2
20645.1
11885.7
20299.9
18148.1
37335.7
13974.1
15384.9
7828.48
33831.8
24608.5
22253.1
18001.2
23122.2
14003.1
24376.4
68231
16848.9
16654.2
26702.5
21072.1
27508.1
23868.1
40132.1
40082.2
25701.3
23220.2
86976.7
1828.43
2902.61
3964.83
4409.68
5103.74
1728.73
1765.68
1230.47
2927.68
3852.9
134879
3536.47
9513.68
4419.83
10175.1
15376.2
13643.2
4186.91
10614.9
4868.96
11379.2
60452.9
15829.9
6899.65
11693.6
14290.3
10228.7
14459.2
6563.08
9803.91
7957.3
14099.7
82012.6
37095
20334.6
22496.7
23002.6
25364.8
18468.6
32177.9
11343.2
18153.3
16879.6
106414
1994.3
1606.87
1488.21
1006.9
1209.68
8485.86
483
1190
997.685
1239.68
68357.1
9931.68
5168.65
3500.9
4315.68
5149.91
26164.2
8430.65
4949.25
3986.21
5678.47
89528.2
12126
14897.7
18402.2
13685.1
9593.48
7742.73
6493.68
11341.7
10449.1
12234.5
189788
15469.1
24390.6
32387.2
17969
30585.3
23996.7
15256.1
32790.6
33278.7
17428.7
69457.5
47929.2
6155.96
12671
10346.4
5445.48
8487.68
5107.22
7421.68
20956.3
8946.99
9527.48
18326.5
10899.6
16556.6
10395.6
21452.9
21208.8
19091.8
16997.7
31077.6
30121
24636.6
21499.7
41718.3
23280.5
19019.7
23166.7
17234.9
24823.7
42338.7
21794.7
58592.1
104669
17199
67921
40764.9
97620.1
80188.9
53520.1
54523.1
31330.5
3822.21
4256.65
8407.68
2129.83
1811.65
4864.21
5266.9
7276.9
13001.9
2455.08
54810.1
35233.8
67222.6
43872.6
26720.2
44944.2
42511.3
65961
18390.5
53304
46737.3
3719.54
3102.43
2402.03
1227.98
9508.47
4380.89
8031.84
1828.39
7491.98
2374.66
58696.5
3135.84
5889.48
8750.53
8174.62
14500.5
11332.1
55848.9
9499.98
8475.28
5741.51
54305.2
12196.2
7272.49
18168.7
5902.03
9989.61
6591.84
8306.13
10022.9
10946.5
16176.9
35860.6
16279.6
10376.6
49057.7
35797.2
11022.2
5876.96
10066.1
36019.5
10450.5
17132.1
47014.1
32729.9
41529.5
32069.3
11558
46974.5
53941
23606.1
21736.6
36220
45120.5
41762.1
2123.12
8959.16
918.295
978.893
1265.84
1723.39
1965.84
10160.1
1951.97
1153.22
25611.2
7556.5
6418.6
9425.88
3791.97
6136.47
4018.62
17284.4
8061.12
5978.39
7832.66
18995.6
13154.9
12090
9674.66
9836.89
10514
6540.03
13427.1
5122.37
12267.8
14664.5
69414.8
22728.5
20814.6
26790.1
21306.1
7770.2
19110.5
18777.8
15725.3
23682.3
17562
123002
24262.3
27286.3
23925
20055
26020
43727.2
22532
25308.8
11442.5
49449.3
53754.1
58655.4
31868.6
85578.1
33826.3
66129.2
126105
26017
35039.4
61085.2
62978.4
51938.7
28572
121075
109038
63968.5
89023.2
43617.7
38306.9
28481.8
57628.1
75096.1
65944.4
89671.8
90622.7
79207.3
160106
31914.4
43589.6
111187
35501
94622
39316.8
174586
180322
49927.5
61068.2
80308.4
59034
184878
77034.1
85578.4
59622.9
107272
65450.7
83301.5
111962
49632.6
94436.2
103312
84070.4
91206.7
102710
60731.6
154222
40478.6
36032.3
56497.8
20042
6578.3
16268.5
10299
21273.6
19362.9
19444
6859.48
76203.7
23290.6
24147.8
10962.6
14363.7
26801.3
21554.4
12809.6
13270
9126.96
14189.7
183618
16599.3
18585.5
42161.7
41275.8
28452.1
27807.2
17792.9
26202.5
21954.6
18854.9
87113
25762.4
54643.8
35549.4
21809.2
19610.3
23713.9
16911.1
21610.9
37428.6
24406.2
36791.1
23455.4
14342.6
48265
29311
45873.3
92412.1
31151
29417.2
61656.4
69538
37725.4
2142.16
7129.87
2690.37
3457.98
2556.1
4739.97
2402.62
3346.11
18886.7
2580.47
73726.7
5657.16
4957.98
4541.11
4941.38
6984.04
3765.84
16149.1
19642.1
2561.97
4782.52
79344.6
17433.5
16071.6
7745.84
11646.2
15204.4
6037.88
10511.2
8124.6
20736.4
6067.38
155238
13588.5
19354.2
13950.4
14454
30041.4
10075
30360
13318.4
28105.5
9577.38
73812.4
23758
25793.3
12867.5
18927.2
11686.9
15640.7
28494.5
15516.4
24829.2
23936.6
48471.4
2135.7
1380.99
1344.63
1987.18
1748.93
2915.16
1914.66
3160.5
13505.4
4952.2
43450.4
4014.46
1894.43
4474.1
8053.32
17307.3
3564.6
5269.87
1361.54
2464.37
4670.6
49979.9
6965.87
23632.9
15149.4
5163.34
15574.4
4856.6
8526.6
10676.5
7668.43
8219.84
99414.4
5711.97
15624.6
9506.66
6884.63
8282.89
11064.9
24172.1
12870
9200.52
10866.9
93758.9
27868.4
11342.1
17136.9
18388.5
19741.9
13158.6
35050.8
29254.8
10312.6
11217.9
145890
41756.7
82541.1
42184.6
53564.5
24136.7
76882.5
26136.5
27377.7
32740.9
45808.6
53294.9
65390.6
156418
58632
55780.8
31712.6
27540.1
41990.4
76681.1
42738.1
71361.5
134956
23438.9
95662.4
42801
23098
53422
32813.8
58982.6
40766.1
39474.5
35707.2
41268
49397.1
145248
78048.8
53819.1
91170.3
68009.2
55916.5
80518.9
53127.5
80124
60539.6
75430.7
72418.1
49127.5
48666.6
70635.1
60374.5
30147.7
38585.3
82704.4
54453.8
231501
10343.1
11887
9260.4
10508.3
8190.62
33973.3
7104.39
26569
15036.3
5885.61
185622
27962
6084.96
6490.34
15581.7
16593.6
10317
13247.1
5451.12
37875
15008.7
50475.3
21867.2
15127.2
26973
14335
12935.5
66175.8
24563.7
12888.8
12752
19575.7
102684
26354.2
18932.2
24882.4
19888.5
19979.4
7176.39
22152.5
26182.8
14073.8
39576.9
61757.8
39979.7
21477.3
11502
29702.5
18726.2
13390
17312.5
21364.5
25925
17139.5
75172
1059.28
8797.48
800.426
1726.04
1558.66
4645.34
3419.68
4547.87
1125.02
5137.7
144517
12102.4
1950.5
4034.4
7851.02
4712.13
2356.53
6612.49
5081.51
8755.9
10231.7
111986
17869.4
25861.5
6532.66
8383.38
11632.1
22782
6045.61
6535.16
10834.7
4966.13
54918.9
10529.5
9252.01
13203.6
19026.3
7109.9
6566.04
14442.4
13446.5
22340.1
5375.98
102331
14911.1
8906.72
16902.7
5279.11
18684.4
20227.5
15709.7
13209.6
18428
9828.62
219254
502.992
1538.46
1307.12
830.164
4384.89
8080.01
867.877
7166.52
4076.11
3500.63
58433.2
3920.82
3298.82
3147.39
1807.84
1740.5
6330.1
1341.51
3303.16
3212.72
2613.87
85958
6613.57
4930.01
7716.89
10575.1
4396.66
9772.66
2939.16
6299.16
4866.93
7999.68
150400
4829.97
16208.1
12538.2
18892
9948.66
11042.7
11046.6
8311.84
8028.37
7474.62
425756
14127.8
12465.8
14957.9
17724.5
10104.5
16579.3
18387.1
10352.4
27596.4
20624.7
7057.68
23794.4
17745.3
14800.5
12976.1
20732.9
10426.2
20940
7981.54
9741.68
19937.4
16703.7
68376.4
48721
16780.5
18112.1
31167.2
37505.9
23670.5
20216.5
52982.3
44973.3
14574.5
13507.3
11592.6
22319.8
23147.4
41949
21329
24338.7
33481.6
27764.9
25718.4
22662.6
34470.7
27234.3
22777.4
59341.6
74562.5
20391.4
