1042.22
2073.97
811.5
330.469
921.719
917.531
401.156
2247.78
1319.91
2388
5013.5
1659.09
1269.97
650.344
1238.12
1173.5
1071.91
1584
1805.53
591.875
1613
12429.9
1458.12
4094.88
3186.5
1342.88
3299.91
1402.25
1735.47
3868
7952
2456.16
3759
168.719
639.5
101.875
379.5
437.5
290
656.719
389.875
120.219
279.719
2632.84
1143.88
394.719
445.531
1740
733.875
653.469
1207.22
884.969
679.344
827.875
2668.34
453.969
1177.97
1306.62
740.875
1354.22
312
303.094
685.625
728.875
799
2040
1881.72
624.156
2751.66
3122.72
2488.75
2042.72
2000.28
1468
2577.91
2419.22
807.5
8914.47
808.906
3207.25
2769.97
3925.5
9355.88
3692.88
5909.22
1401.88
4260.12
2440.22
5298
3614.97
6774.09
6361.5
3634.72
5809.16
3598.91
2846.88
3207.5
1461.72
2919.62
8990
2108.03
5600.03
6456.72
1586.28
2632.84
1686.34
4072.88
4481.97
3138.97
3846.47
1582
4321.97
2142
8020.91
5035.97
788.5
2101.75
2257.91
7727.97
4049.22
5528.97
972
1537.5
1807.22
837.875
1589.91
927.5
327.719
718.219
1069.5
1057.97
2294
1499.78
2427.25
499.5
1803.59
1411.5
703.469
1375.88
1037.53
352.469
792.219
3646
619.469
2565.25
2153.91
1241.97
1537.47
773.844
5870.88
1283.72
1207.59
2918.03
2026.97
1613.16
2247.88
2336.22
1918.12
3103
2454.25
1864.72
1479.62
1585.53
1636
3106.84
209.469
256
409.875
1108
866.719
365.469
217.219
378.25
766.875
2248.97
1709.47
303.469
794.781
916.469
360
518
46.125
1043.78
1133
732.031
440
5440
2788.03
492
701.875
972.094
1311.22
1511.22
1149.5
629.594
1256.88
1200.97
2919.91
2237.47
1047.47
921
683.719
855.5
4020.03
1939.84
1321.97
1014.09
2063.5
2596.88
88.875
584
1210.72
870
604.875
786.469
588.719
179.5
315.969
255.469
2765.22
814.75
217.875
780
216.906
117.75
456.031
484.75
265.75
655.531
1736.16
8458
658.219
265.625
427
1567.5
980
225.219
613.875
297.5
479.875
929
9295.5
1791.5
2045.34
1310
1910.72
785.375
1860.88
1568.72
1597.5
1914.75
677
3629.91
6099.47
1089.97
1220.12
2780.72
924.469
3778.22
4733.09
2998
5508.97
3337.5
4599.72
3383.25
2711.53
1017.88
2366.91
2963.97
2951.5
5169.59
1856.91
1593.5
1802.59
2954
2200.12
5323.88
1968.88
2934.22
2348
1718.12
5421.59
2060.88
3864.5
2880
8081.47
4107.62
4405.72
1680.88
3771.75
6099.88
1642.72
1194.88
3218.28
1477.91
2836
5564
1008.88
551.625
1099.34
421
669.875
1412.47
417.5
990.219
837.75
1211.97
1945.53
2048.91
1543.72
1331.22
1593.53
1471.5
475.594
1280.97
2240.88
832.719
3138.88
1573.88
2473.5
1577.75
356
1119.47
1414.22
1513.5
1580.88
728.875
480.125
656.719
6350
2850.12
2691.47
1410.22
1540.5
518.125
949.219
1140.91
2460.28
2293.88
687.844
3414.47
85.5
217.875
1066.47
268
480.969
243.5
2308.22
328.875
923.875
1977.5
867
502.75
237.219
432.844
1138.47
766.719
580.156
508.875
605.875
1079.88
1364.88
8592
774
1528.88
2111.97
1157.88
254.219
450
1142.12
1182.75
1211.22
240.469
1626.59
1275.47
1571
1231.78
1144
1804.47
2304
1115.25
1347.12
1244.25
732.875
2585.97
407.219
753.219
650.875
746.719
469.719
449.969
1384.97
449.719
118
160
8200.09
1385.47
330.031
781.5
145.719
672.219
905.531
600.5
445.469
703.469
1201.88
6697.84
456.469
274
1497.97
669
1102
375.75
1122.91
761.906
743.781
1466.5
13524
843
476.156
811.969
2605
1538
1445
848.875
1672
647.844
1094.09
6261.53
3476
234
1148.09
2911.5
1018.03
1503.16
2739
970
3920.97
780.031
497.219
1519
717.5
972
335.5
5156.97
4456.91
7920.59
1611.47
1482.88
1071.62
482.719
1253.78
1960.72
1383.75
1611.38
2368.09
3081.47
901.969
1286.5
2859.25
1164.03
1329.22
4970.12
3318.09
679
2020.25
5595.53
5137.5
2092.5
2305.91
446.469
769.875
1501.22
591.5
476.875
751.875
432.719
250.906
497.469
633.875
5098.27
4511
12157.3
4759.39
4247.52
4593.45
11563.9
3943.16
3029.48
2589.94
46353.4
15009
5105.5
3423.42
4505.19
16661.2
11743
8663.1
5782.71
7715.69
12088.5
19732.5
7871
54987.2
12731.9
10718.9
28027.7
9165.24
11153
16060
8818.9
7155.68
10961.4
614.71
2335.76
1466.35
10219.2
531.952
3583.37
2469.48
1886.98
610.339
2202.85
28333.8
5333.45
5915.48
4599.61
5456.87
4321.44
3627.44
2483.13
2887.37
2049.48
4968.74
30104.9
6520.06
8583.95
6752.6
6769.89
7700.52
4969
2995.94
4982.15
7519.81
13029.1
11809.6
13632.9
13900.2
38359.4
31266.2
12600.5
18255.9
24765.4
4252.84
14170.1
19059.8
17289.1
24751.7
5959.26
14994.6
20885.2
11981.2
12048.1
10445
8031.37
18831.9
7326.98
8658.92
19204.4
23526.2
17647.5
11419.5
18325.3
18956.7
28517.7
33073.4
17518.8
19961.6
17519.9
31386.6
22935.6
24541.1
23122.3
23666.3
10693.5
10747.4
12465.2
24821
8820.61
16180.6
24220.9
24059.6
18898.7
21747.8
66825
36280.5
27165.1
29504.3
22034.1
40348.5
34431.8
4224.29
6333.24
3027.31
5004.74
4938.21
16785.5
2722.23
11834.8
3542.47
6065.44
18670.9
6077.32
9964.15
19417.3
5211.44
10544.1
7458.42
5006.34
14081.3
6925.11
17460.4
12820.5
7201.65
10172
7046.48
13598.2
25876.3
4204.73
3754.47
5431.18
9287.1
8028.35
20865.1
6638.71
5087.05
24571.1
7583.44
37656.5
14300.6
25749.9
10469.8
6783.48
15542.4
29416.9
2587.56
2541.95
3813.82
1123.89
4000.92
2468.87
1207.24
4946.27
4701.52
782.339
25287.6
2217.56
3738.98
2172.61
4374
4919
4456.34
923.484
3624.4
6026.47
5190.73
19739.5
8384.45
2055.24
2870.53
2476.02
4460.53
4906.35
7273.89
3625.11
5579.35
2533.95
20434.3
21170.4
6937.03
7171.19
6111.81
6046
13016.3
10157.4
46033.2
9009.65
12143.9
28336.5
3637.05
2444.92
1510.98
934.984
1562.98
1333.05
3258.34
304.21
3754.34
414.71
35753.5
1877.31
2025.76
2985.69
5351.94
2350.65
5773.58
3115.95
3094.03
5961.81
4122.77
15096.2
7019.23
10138.7
3952.13
6375.32
5403.45
11583.7
11251.8
5211.03
8528.48
5190.21
19684.5
5321.44
21792.1
7549.13
7849.18
8774.97
8261.06
27197.7
4277.95
5922.15
14085.8
21265.9
12311.1
13373
28667.4
7581.69
18536.3
27486
14689.5
11382.4
12179.1
10842.6
16653.6
8117.68
7796.48
10508
5216.42
10571.7
14437.7
14726.5
10533.2
12560.3
10312.7
20182.6
20218.4
15471.1
21257.1
13160.7
11175.9
9567.81
5592.92
18408.7
20882
9651.5
22683.9
8955.55
9545.89
7095.39
23920.3
18877.6
12625.5
28170.4
18524
20876.9
15922.4
9910.85
2366.35
5769.24
4767.5
13596.4
1098.6
3048.9
5519.56
3440.77
2526.84
3358.92
22541.4
12838.7
5046.74
4565.48
8696.97
2348.45
4616.77
3056.03
11898.8
6098.79
3304
16413.4
5393.11
4754.97
2518.53
6188.85
3592.27
4373.11
3321.68
13974.5
4310.4
4004.6
85294.7
7365.42
9453.18
7710.53
8142
7683.95
8713.94
14769.4
10773
11644
13311.1
18837.5
1387.81
4245.87
2414.47
2719.81
3791.37
1551.44
2427.11
3673.05
1121.74
1215.45
41955
2986.92
2465.5
4209.61
2599.5
3529.84
3062.92
2673.26
1426
1650.77
2503
23819.3
3231.26
3557.31
2395.44
7517.32
4875.58
4042.87
4331.55
1917.65
5103.42
6090.84
32843.6
14189.4
5476.34
7948.53
3874.97
18860.9
4757.68
4813.35
5636.45
5737.1
6836.66
26146.3
2435.35
1857.5
2161.89
2264.39
1060.6
2981.68
1545.42
3464.39
3038.39
2525.44
37996.9
2125.42
4842.4
3029.13
2278.48
2311.95
1081.42
1233.24
3080.27
1461
3322.02
20798.4
4466.4
2904.87
7302.74
7526.77
2436.9
1656.6
5067.65
3470.53
2299.63
8390.92
32033.9
5378.66
7379.39
6480.85
8481.42
11852.9
13714.7
12606.5
6795.24
2689.24
8493.58
23548.2
22111.2
7051.06
4338
3197.03
5573.55
2075.05
5121.35
3836.39
3696.77
5620.85
3405.76
6923.56
6850.97
8816.68
11421.7
12611.9
9725.68
16265.5
11637.9
9923.94
6067.95
10284.3
41135
9859.35
10885.3
11684.8
6301.94
8389.26
11267.4
24744.5
16647.1
11172.9
28250.1
25539.2
34819.5
14773.7
15974.8
23401.2
25708.5
31471.2
18813.5
4846.06
1463.05
1956.79
636.065
3409.11
1471.55
1559.18
1052.21
1551.13
2420.03
22134.6
13633.7
15532.8
7130.16
16375.2
21133.8
15231.7
17583.8
6076.91
12325.6
21586.5
8613.26
17781
13858.1
26435.6
22935.6
20417.6
30421.3
44582.1
22999.2
21554.6
134291
23560.7
55211
36030.3
48717.4
49892.2
51677.2
38066
38199.8
43532.2
66720.5
56914.5
3119.73
819.696
4527.7
6636.87
5057.91
2026.35
1134.83
3449.32
7595.7
8903.87
45153.4
13769.2
10479.2
10316.2
11884.7
14232.9
17005
10021.7
21220.1
11514.2
8442.48
45331.2
9899.39
25794.3
23558.7
15445.6
43378
23168.4
23441.5
18907.8
12712
17494.8
34692.9
23327
69389.4
50193.2
44298.9
47762.3
35125.1
59850.5
72249.4
81902.2
38669.6
60916.7
28382.9
64743.7
45592.9
35369
40140.7
43982
44655
34880.7
73587.9
40853
34363.9
41622.2
24098.3
38164.6
110301
59738.9
101475
80767.9
39515.4
76291.3
50752.5
28575.2
78600.9
103820
58886.3
78861.6
64597.4
43848.8
28024.4
55275.2
25708.7
50626.1
36949.8
35227.1
154168
133286
89051.7
36133.5
126381
75683.8
44202
119964
116541
78109.4
10486
18145.9
2633.09
10909.9
15857.6
14362.9
25960.2
5005.96
5967.87
6052.92
52195
29376
13174.8
19406.8
25846.6
12444.8
23282.8
36128.5
9770.88
21809.1
7838.57
79407
49022.9
17703.7
23370.3
18601.1
18172.1
31423.9
9009.78
12109.7
19613.4
15295.1
58984.6
44564.8
37872.6
39289
66917
36211.6
66521.3
49027.6
34201.3
29297.9
23978.6
91699
1382.35
100799
2296.13
2727.26
11772.5
6337.65
9759.26
4913.74
8770.84
11242.8
142338
11403.3
14625.9
6568.49
7379.14
8964.21
6039.26
18980
9453.43
9955.62
10781.3
30902.2
18408.8
11337.3
28758.8
18664.2
22784
19019.2
25944
25186.8
18129.6
12287.3
53343.4
28337.4
54905.7
31475.2
23484.7
23267.2
20554.9
19205.8
16371.4
19784.6
5439.62
61120.7
7210.01
5607.25
1802.23
2120.65
1381.87
1296.74
6788.91
3443.26
3924.48
3394.21
85561.5
8342.57
14282.7
8337.26
3986.91
10066.6
6643.25
11491
5843.87
8943.09
9160.96
149603
14109.2
12358.3
11259.2
20140.8
43781.7
19769.2
13028.8
16554.2
14465.8
31726.9
66776.1
31691.8
42882.1
103773
19148.8
28776.9
18107
26567
30436
29872.1
22167.2
49911.3
56278.1
52229.9
32620.9
37577
46920.2
26356.6
14272.7
23748.8
15646.8
53498.2
95917.8
30846.9
24984.5
20201.2
73444.6
41559
15045
46741.9
41452.3
36610.6
32034.2
94690.4
61737
48477.9
69102.4
24240.2
39558
21862.6
28054.9
39546.7
66527.1
47115
101876
72283.1
35249.2
38381.7
58911.1
37179.4
75650.9
35358.2
57885.2
29927.5
49178.6
36098
6835.87
16782.3
15827.6
4936.64
6456.74
11238.1
8545.96
4518.88
11297
8708.57
52699
11026.6
11397.4
16310.2
4615.4
19685.8
18606.5
22340.3
14081.2
18457.9
24262.1
43727.7
14783.3
19643.4
9472.91
33413.7
25473.7
23926.7
20337.1
28152.6
14432.3
27376
72123.2
22064.8
20368.9
29383.9
23737.7
24898.5
24891.1
42292.9
43167.3
26466.5
33342.2
101693
3332.74
7062.74
4104.83
5913.68
5311.74
4424.62
2610.92
1528.01
3283.6
6177.03
154438
3721.23
12476.2
6383.09
10779
16696.2
14987.2
6014.57
11081.3
6774.96
13257.4
72831.6
16365
7499.65
16316.2
15215
11524.1
14827.2
8604.66
12219
9035.43
16443.7
109402
37326.9
22416.6
24071.4
25737.5
27840.6
22393.3
36031
13500.2
21237.5
17865.7
135113
2522.3
1813.17
5736.75
3396.9
6508.92
8929.97
633
1286
1205.4
5503.68
74657.4
10789.1
5517.52
3621.03
6309.92
6090.35
28059.5
10280.9
7554.75
4354.66
7624.47
106068
13618.1
16094.8
19072.9
16018.7
10029.9
8008.05
7339.6
12520.5
11442.3
12937.4
220851
16178.8
29040.9
33447.5
20731.3
32416.3
27367.9
16779.3
36649.7
37192.4
20188
62749.1
58169.8
7620.13
10857
9992.43
6559.43
8335.21
5001.22
7694.45
21765.6
11833
13485
20504.7
13110.8
17924.5
14835.6
21749.3
21651.3
21051.7
17747.3
34556.2
36067
25324.2
25285.9
81655
27031.6
19237
27830
19076.8
29577.3
45042.7
26046.6
59770.5
112659
17359.3
70819.1
47881.2
102041
66794.7
51652.1
60446.5
36203.1
3934.03
4640.65
8520.45
1797.48
2195.09
4584.38
7405.29
8629.16
12647.3
6126.66
59487.3
42624.1
71612.8
46433.6
31415.4
42062.8
49699.5
67712.8
21830.5
58342.4
59372.4
3988.16
3708.62
2407.95
1307.71
10290.4
6523.57
15653.8
1880.85
6958.89
2802.16
64816.5
3775.84
8061.74
8150.73
12871.6
15643.1
20761.6
67016.9
8768.5
9654.49
7708.97
64907.2
13641
7364.39
20713.1
6300.67
12670.8
7080.66
9281.02
12306
12474.5
16011.1
41937
16623.6
11950.5
51888.1
45689.5
13302.2
6828.83
12473.9
34235.5
13196.7
20672.5
70568.1
33339.3
42183.4
32725.7
11864.6
47915.2
57325.5
25435.9
23690.8
35179.2
44558.8
57510.5
2111.12
9095.42
1054.21
1308.89
3384.14
12320.7
2765.69
12037
2193.97
4363.55
37525.3
9922.5
9208.83
10621.1
4071.97
6956.27
4963.64
17940.7
10467.6
12894.4
12539.9
25895
14546
12943.9
9459.16
12919.7
13618
9218.59
13585.1
8182.57
16683.3
14906.9
72667.1
25724.4
23607.2
38365.9
24067.1
7815.81
27796.2
20134.7
25834.5
25575.8
21619
118197
23208.1
28451
25262.8
21113.9
36017.8
46346.2
25002.7
24702.4
14072.4
52640
58698
66808.1
39844.1
97748.7
40369.5
75289.9
132787
39217
49745.8
69962.7
72469.9
65347.6
38696
120800
125825
84708.5
93309.9
53340.6
46698.9
42136.1
57713.9
79535
94890.1
130307
110964
86534.1
172943
38434.2
51180
124391
48599
101429
50149.2
182890
206599
59134
65836.4
92137.5
97059.4
193381
106219
85832.9
63575.4
132334
70316
93632.2
125620
57653
99006.2
132230
92954.3
101095
112348
82896.5
182386
50814.8
37020.6
60544.4
22098
13868.3
18389
11202.5
23971.3
19495.8
28234.7
6779.48
96090.5
22019
28408.7
17768.6
19829.5
29044.9
25573.7
13900
14087.4
11456.7
13939.5
199942
17918.5
21635.7
47169.4
45486.9
29592.5
31821
19548.5
29854.2
22915.5
18778.4
108823
27033
52332.2
41041.3
24107.2
21504.3
22810.3
15492.6
25661.2
39251.7
24483.9
39875.8
25338
17084.8
48737.5
28535
57996.9
107151
34765
31730.7
68678.6
75807.6
50030.9
2263.79
10800
4346.37
3500.5
2460.33
6227.9
2476.15
3501.58
19244.1
3618.57
94257.2
5744.4
5229.45
6082.18
5091.02
14785.5
4219.84
15470.5
20725
3301.97
4631.41
104344
21180
17103.2
8198.73
12850.9
16431.6
6731.52
12728.5
11125.9
22172.2
6097.74
195439
16038.6
28620.4
12758.9
14178.7
28781.8
9852.11
33753.7
18658.7
30038.5
15540.6
93012.8
30422.8
27258.6
17390.6
22151.4
12430
15997.2
33790.4
15646.6
31131.6
26636.2
54948
9561.51
1586.96
2886.07
8466.02
3372.93
11877.4
3867.39
4610.5
14900.7
10324.2
63874.7
5345.33
2840.72
5490.21
9729.12
18468.5
5398.83
4567.74
1467.85
2920.63
7441.48
74092.6
10427.1
24683.6
16040.6
6604.52
15280.6
6544.37
8680.14
11600.1
11852.5
9833.39
113997
5578.93
16455.5
9606.8
11094.3
15400.3
11872.4
25395.3
13165.5
8604.74
12356
115489
30238.3
11525
19359.3
18174
24348.9
13639
40084.3
31489.1
13244.6
12254.6
161077
55626.7
94763.6
55428.2
65556.7
25408.7
80736.5
35257.9
33679.7
44163.9
59337.3
65615
74601.7
166066
60613
81625.2
43149.2
31090.4
44562.4
83783.5
49971.8
85056
137367
30131.1
105997
50577.9
26853.3
56671.8
43415
80658.1
46768.1
41626.5
48489.9
50900
53039.2
141811
88099.5
64874.6
104721
96956.7
60554.5
92284.7
57958.8
80542
72104.7
82451.4
76228.4
50265.7
63138.6
77896.6
73906.3
42796
40688.1
91902.4
71800.6
248442
11649.8
15257.8
12018.7
16745.9
8043.61
34090.8
9410.08
28062.2
15386.3
6140.18
195290
32914.6
6830.83
7826.89
18417.7
18486.8
19107.5
16891.6
7013.65
46061
15991.2
55892.1
28521.5
15562.7
27345.4
15941
13448.3
72111.6
23963.9
15198.8
17500.8
21275.9
135748
26340.5
19250.4
25463
24636.4
22917.4
7702.7
26052.2
37151.5
15874.6
47670
78919.8
41568.2
23483.7
11884.6
37188.5
20166.3
16562
19136.8
24098.7
35072.4
19193.4
87611.3
3664.67
14769.7
1544.57
2263.98
1626.66
9840.64
3435.52
12229.6
1263.35
8295.7
145560
12032.4
3456.5
10528.4
7927.91
4512.41
2609.25
9958.52
6212.23
10221.4
18265.5
126945
17436.7
26032
7528.16
14159
15766.1
27475.6
6651.51
6331.91
11447.9
13073.6
84811.2
10679.9
10474.5
12550.3
21412.4
7617.69
9966.11
20684
14222.5
21069.8
5705.71
115873
15792.1
9834.72
16247.2
6508.9
20839.2
24296
17256
15316.1
18428.9
10633.7
253945
602.992
3010.46
6065.12
958.164
10592.5
7602.01
1374.7
11954.5
9414.11
6194.63
68428.3
4498
5603.23
3046.04
2343.54
1896.5
7190.33
4925.69
7644.4
12979.4
7186.13
95505
14543.6
7783.55
11876.9
13701.8
4201.42
12155.3
2894.17
5526.66
9389.88
8550.17
160590
6939.9
18390.1
12932
19052
15746.2
11958.2
12220.6
8066.28
10102.2
10799.7
442950
16399.8
14172.1
14723.9
18774.3
9912.5
17939.9
18599.2
13942.1
27994.1
21753.3
8298.17
24667.2
23411.3
16652.2
13895.3
20905.6
11575
26780.1
9632.79
15059.2
17048.1
16905.2
65612.1
47929.7
21518.5
26218.1
36083.2
42693.5
31538.3
25069.6
57697.9
49829.7
18557.3
13383.3
16042.8
30060.4
24169.5
48399.3
24870.8
29637.4
33809.5
33633.7
26641.3
24527.7
34294.9
26661.9
25336.6
63318.7
80324.7
31404.6
